0.34 1.17 8.88 -0.94 3.86 12.98 33.11 0.75 4.34 1.01 0.94 2.41 2.10 7.62 9.04 1.19 3.74
0.40 1.21 8.75 -1.76 6.47 11.63 40.05 1.42 4.29 1.11 1.83 2.88 2.14 7.75 9.07 2.28 4.41
0.45 1.24 8.62 -2.46 8.54 10.99 41.36 2.01 4.24 1.19 2.65 3.31 2.17 7.87 9.10 3.28 4.98
0.50 1.27 8.50 -3.04 10.21 10.63 40.60 2.51 4.19 1.26 3.41 3.71 2.20 7.99 9.12 4.19 5.50
0.54 1.30 8.38 -3.50 11.53 10.43 38.90 2.95 4.14 1.32 4.11 4.09 2.24 8.12 9.14 5.00 5.97
0.58 1.33 8.25 -3.84 12.51 10.31 36.66 3.30 4.09 1.37 4.75 4.45 2.27 8.24 9.16 5.72 6.41
0.62 1.36 8.12 -4.06 13.15 10.25 34.04 3.57 4.05 1.39 5.32 4.81 2.31 8.36 9.17 6.35 6.82
0.69 1.41 7.88 -4.14 13.08 10.00 27.46 3.87 3.95 1.39 6.29 5.49 2.37 8.61 9.18 7.32 7.57
0.72 1.44 7.75 -4.00 11.53 9.12 22.12 3.91 3.90 1.35 6.69 5.83 2.41 8.73 9.19 7.66 7.92
1.22 1.43 9.75 -1.55 3.86 7.86 2.58 0.85 4.38 1.01 2.72 8.72 2.13 7.71 9.04 1.12 13.41
1.16 1.43 9.50 -2.81 6.47 7.28 4.81 1.58 4.33 1.11 4.87 8.38 2.16 7.82 9.07 2.17 12.71
1.09 1.42 9.25 -3.77 8.54 7.16 7.17 2.22 4.27 1.19 6.45 8.01 2.19 7.93 9.09 3.14 11.97
1.02 1.41 9.00 -4.44 10.21 7.28 9.82 2.74 4.22 1.26 7.46 7.58 2.22 8.04 9.12 4.04 11.18
0.94 1.41 8.75 -4.81 11.53 7.58 12.99 3.16 4.16 1.32 7.91 7.10 2.25 8.15 9.14 4.86 10.33
0.86 1.40 8.50 -4.89 12.51 8.10 17.02 3.46 4.11 1.36 7.78 6.55 2.28 8.27 9.15 5.61 9.41
0.76 1.39 8.25 -4.67 13.15 8.91 22.54 3.67 4.05 1.39 7.10 5.92 2.31 8.38 9.17 6.28 8.38
0.53 1.38 7.75 -3.35 13.08 12.35 46.83 3.75 3.94 1.39 4.02 4.20 2.37 8.60 9.19 7.40 5.80
0.37 1.37 7.52 -2.32 11.76 16.02 86.25 3.64 3.89 1.35 1.78 2.97 2.40 8.70 9.19 7.83 4.05
0.68 1.42 8.12 -4.17 13.31 10.12 29.10 3.86 3.99 1.40 6.03 5.19 2.29 8.30 9.15 5.77 7.42
0.70 1.45 8.25 -4.14 13.08 10.00 27.03 3.94 3.98 1.39 6.21 5.22 2.24 8.11 9.11 4.47 7.63
0.71 1.48 8.37 -4.09 12.60 9.76 24.71 4.01 3.98 1.38 6.36 5.23 2.18 7.92 9.07 3.00 7.83
0.73 1.51 8.50 -4.00 11.53 9.12 21.50 4.06 3.97 1.36 6.50 5.24 2.13 7.73 9.01 1.34 8.03
0.42 1.11 8.00 -0.42 3.86 29.41 21.84 0.88 4.11 1.01 0.99 3.20 2.27 8.24 9.02 1.24 4.61
0.46 1.15 8.00 -0.86 6.47 23.80 30.37 1.64 4.10 1.11 1.90 3.53 2.28 8.27 9.05 2.36 5.06
0.50 1.19 8.00 -1.33 8.54 20.24 34.24 2.29 4.08 1.19 2.74 3.84 2.29 8.31 9.07 3.39 5.48
0.53 1.23 8.00 -1.84 10.21 17.56 35.73 2.81 4.06 1.26 3.51 4.12 2.30 8.34 9.09 4.30 5.86
0.57 1.27 8.00 -2.38 11.53 15.36 35.79 3.23 4.05 1.32 4.20 4.40 2.31 8.38 9.12 5.11 6.23
0.60 1.31 8.00 -2.94 12.51 13.47 34.90 3.52 4.03 1.36 4.82 4.66 2.32 8.42 9.14 5.80 6.57
0.63 1.35 8.00 -3.53 13.15 11.77 33.30 3.70 4.01 1.39 5.37 4.91 2.33 8.45 9.16 6.40 6.89
0.68 1.42 8.00 -4.82 13.08 8.60 27.96 3.70 3.98 1.39 6.24 5.39 2.35 8.52 9.20 7.26 7.50
0.71 1.45 8.00 -5.50 11.53 6.63 22.87 3.53 3.96 1.35 6.56 5.62 2.36 8.56 9.22 7.53 7.79
0.57 1.99 7.25 -1.91 6.47 10.72 20.06 2.26 3.19 1.11 2.24 4.12 2.16 7.85 9.06 2.16 6.23
0.58 1.91 7.37 -2.65 8.54 10.21 25.08 3.06 3.32 1.19 3.17 4.29 2.19 7.96 9.09 3.12 6.40
0.60 1.81 7.50 -3.24 10.21 9.97 28.46 3.64 3.46 1.26 3.96 4.46 2.22 8.06 9.11 4.02 6.57
0.61 1.72 7.62 -3.69 11.53 9.89 30.59 4.00 3.59 1.32 4.62 4.64 2.25 8.17 9.13 4.84 6.73
0.63 1.61 7.75 -3.99 12.51 9.93 31.68 4.14 3.73 1.36 5.16 4.81 2.28 8.28 9.15 5.59 6.89
0.64 1.50 7.88 -4.15 13.15 10.03 31.83 4.06 3.86 1.39 5.56 4.98 2.31 8.38 9.17 6.27 7.05
0.67 1.25 8.12 -4.03 13.08 10.28 29.10 3.24 4.13 1.39 5.98 5.33 2.37 8.59 9.19 7.41 7.35
0.68 1.11 8.25 -3.75 11.53 9.73 24.65 2.50 4.26 1.35 6.00 5.50 2.40 8.70 9.19 7.88 7.50
0.73 1.46 8.14 -5.02 13.01 8.21 24.61 3.82 3.97 1.39 6.74 5.61 2.30 8.35 9.17 6.27 7.98
0.91 1.11 8.00 -7.00 5.76 2.61 6.95 1.00 4.27 1.15 6.50 8.04 2.63 9.55 9.23 9.75 9.99
0.53 1.39 8.20 -3.56 12.23 10.87 43.73 3.68 4.02 1.36 3.78 3.95 2.23 8.08 9.12 4.49 5.80
0.54 1.38 8.00 -2.68 12.23 14.44 41.68 3.58 3.97 1.36 3.78 4.12 2.27 8.22 9.11 4.61 5.94
0.51 1.29 8.04 -2.84 12.38 13.81 48.37 3.49 4.06 1.36 3.48 3.90 2.30 8.33 9.14 5.67 5.55
0.62 1.34 8.48 -3.30 12.07 11.58 31.58 3.40 4.12 1.35 5.06 4.55 2.19 7.96 9.09 3.58 6.78
0.64 1.59 8.06 -3.12 10.55 10.70 26.05 3.59 3.78 1.31 4.71 4.61 2.16 7.83 9.01 1.50 6.98
0.65 1.14 8.09 -3.64 12.24 10.65 28.88 2.95 4.20 1.36 5.68 5.26 2.41 8.73 9.19 7.79 7.14
0.62 1.06 8.03 -4.06 11.35 8.84 29.32 2.23 4.25 1.34 5.29 5.15 2.47 8.96 9.22 8.92 6.83
0.47 1.26 8.11 -1.12 7.65 21.67 34.96 2.24 4.05 1.17 1.93 3.47 2.21 8.03 9.01 1.45 5.13
0.62 1.76 8.03 -5.55 9.45 5.39 24.27 4.29 3.64 1.26 4.65 4.44 2.12 7.70 9.04 1.34 6.84
0.64 1.06 8.00 -4.94 9.57 6.13 23.02 1.04 4.28 1.28 5.38 5.45 2.52 9.15 9.24 9.63 7.07
1.28 1.44 10.00 0.00 -0.00 -0.00 -0.00 0.00 4.44 0.90 0.00 9.02 2.10 7.60 9.00 0.00 14.08
0.26 1.10 8.70 -1.44 2.70 5.94 41.27 0.22 4.36 1.00 0.27 1.87 2.18 7.90 9.13 3.60 2.81
0.76 1.31 8.50 -3.52 12.51 11.25 21.56 3.47 4.15 1.37 6.93 5.74 2.25 8.15 9.11 4.57 8.36
