139.73 
131.75 
120.51 
114.29 
103.38 
95.91 
85.64 
78.64 
156.04 
149.79 
144.18 
135.69 
124.06 
110.04 
97.68 
88.98 
75.73 
68.02 
101.74 
64.52 
73.54 
87.66 
95.93 
61.92 
67.96 
71.38 
89.06 
102.02 
93.43 
80.62 
56.42 
95.57 
91.56 
82.55 
93.10 
90.83 
88.18 
103.65 
61.59 
70.21 
67.35 
93.43 
80.62 
79.93 
113.58 
70.35 
104.87 
90.62 
132.19 
34.26 
39.24 
43.73 
50.80 
55.67 
58.48 
62.22 
70.23 
65.49 
61.54 
45.02 
145.33
176.86
185.89
176.36
170.95
175.68
170.11964
178.24596
179.20704
175.14393
136.40268
141.24879
171.34218
174.7925
174.30996
181.73482
185.34186
180.70507
182.98111
185.03714